function E=convert4thOrder2Mat(C)
    
    E = [C(1,1,1,1),C(1,1,2,2),C(1,1,3,3),C(1,1,1,2),C(1,1,1,3),C(1,1,2,3) ; ...
         C(2,2,1,1),C(2,2,2,2),C(2,2,3,3),C(2,2,1,2),C(2,2,1,3),C(2,2,2,3) ; ...
         C(3,3,1,1),C(3,3,2,2),C(3,3,3,3),C(3,3,1,2),C(3,3,1,3),C(3,3,2,3) ; ...
         C(1,2,1,1),C(1,2,2,2),C(1,2,3,3),C(1,2,1,2),C(1,2,1,3),C(1,2,2,3) ; ...
         C(1,3,1,1),C(1,3,2,2),C(1,3,3,3),C(1,3,1,2),C(1,3,1,3),C(1,3,2,3) ; ...
         C(2,3,1,1),C(2,3,2,2),C(2,3,3,3),C(2,3,1,2),C(2,3,1,3),C(2,3,2,3) ];
end